Recognition
precision: 0.8272835112692764
recall: 0.7368977176669484
F-measure: 0.7794791550240304


Disambiguation
precision: 0.30684639943242287


Overall
precision: 0.2410813823857302
recall: 0.23627424201037966
F-measure: 0.2386536073941233